Replace : 1 
 0252090b1b11090e160403




Time : ["09:11:27:17","09:14:22:04"]




refresh 1 End  
 [["09:11:27:20",[32,32,32,32,32,32,32,32],0,"SPKR-CONTINUE",1,1,null]]




Replace : 2 
 0252090b1b11090e370503




Time : ["09:11:27:17","09:14:55:05"]




refresh 2 End  
 [["09:14:22:25",[32,32,32,32,32,32,32,32,71,111,111,100,32,109,111,114,110,105,110,103,44,32,101,118,101,114,121,111,110,101,44,32,116,104,105,115,32,105,115,32,100,97,121,32,49,32,111,102,32,116,104,101,32],0,"SPKR-CONTINUE",1,1,null],["09:14:25:11",[32,32,32,32,104,101,97,114,105,110,103,44,32,116,101,115,116,105,110,103,32,109,105,99,32,110,117,109,98,101,114,32,49,44,32,116,101,115,116,105,110,103,32,109,105,99,32,110,117,109,98,101,114,32,50,44,32],0,"SPKR-CONTINUE",1,2,null],["09:14:33:22",[32,32,32,32,116,101,115,116,105,110,103,32,109,105,99,32,110,117,109,98,101,114,32,51,44,32,116,101,115,116,105,110,103,32,109,105,99,32,110,117,109,98,101,114,32,52,44,32,116,101,115,116,105,110,103,32,109,105,99,32],0,"SPKR-CONTINUE",1,3,null],["09:14:50:07",[32,32,32,32,110,117,109,98,101,114,32,53,44,32,116,101,115,116,105,110,103,32,109,105,99,32,110,117,109,98,101,114,32,54,46],0,"SPKR-CONTINUE",1,3,null]]




Replace : 3 
 0252090b1b11090e370503




Time : ["09:11:27:17","09:14:55:05"]




refresh 3 End  
 [["09:14:25:11",[32,32,32,32,32,32,32,32,72,101,97,114,105,110,103,44,32,116,101,115,116,105,110,103,32,109,105,99,32,110,117,109,98,101,114,32,49,44,32,116,101,115,116,105,110,103,32,109,105,99,32,110,117,109,98,101,114,32,50,44,32],0,"SPKR-CONTINUE",1,1,null],["09:14:33:22",[32,32,32,32,116,101,115,116,105,110,103,32,109,105,99,32,110,117,109,98,101,114,32,51,44,32,116,101,115,116,105,110,103,32,109,105,99,32,110,117,109,98,101,114,32,52,44,32,116,101,115,116,105,110,103,32,109,105,99,32],0,"SPKR-CONTINUE",1,2,null],["09:14:50:07",[32,32,32,32,110,117,109,98,101,114,32,53,44,32,116,101,115,116,105,110,103,32,109,105,99,32,110,117,109,98,101,114,32,54,46],0,"SPKR-CONTINUE",1,2,null]]




Replace : 4 
 0252090b1b11090e370503




Time : ["09:11:27:17","09:14:55:05"]




refresh 4 End  
 [["09:14:50:07",[32,32,32,32,32,32,32,32,77,105,99,32,110,117,109,98,101,114,32,53,44,32,116,101,115,116,105,110,103,32,109,105,99,32,110,117,109,98,101,114,32,54,46],0,"SPKR-CONTINUE",1,1,null]]




Replace : 5 
 0252090b1b11090e370503




Time : ["09:11:27:17","09:14:55:05"]




refresh 5 End  
 [["09:14:55:05",[32,32,32,32,32,32,32,32],0,"SPKR-CONTINUE",1,1,null]]




Replace : 6 
 0252090b1b11091c011b03




Time : ["09:11:27:17","09:28:01:27"]




refresh 6 End  
 [["09:28:01:27",[],0,"FL",1,1,null]]




Time : ["09:11:27:17","09:28:02:12"]




Replace : 7 
 0252090b1b11091c020c03




refresh 7 End  
 [["09:28:02:12",[],0,"FL",1,1,null]]




Replace : 8 
 0252090b1b11091c021703




Time : ["09:11:27:17","09:28:02:23"]




refresh 8 End  
 [["09:28:02:23",[],0,"FL",1,1,null]]




Replace : 9 
 0252090b1b11091c030703




Time : ["09:11:27:17","09:28:03:07"]




refresh 9 End  
 [["09:28:03:07",[],0,"FL",1,1,null]]




Replace : 10 
 0252090b1b11091c031503




Time : ["09:11:27:17","09:28:03:21"]




refresh 10 End  
 [["09:28:03:21",[],0,"FL",1,1,null]]




Replace : 11 
 0252090b1b11091c040603




Time : ["09:11:27:17","09:28:04:06"]




refresh 11 End  
 [["09:28:04:06",[],0,"FL",1,1,null]]




Replace : 12 
 0252090b1b11091c041403




Time : ["09:11:27:17","09:28:04:20"]




refresh 12 End  
 [["09:28:04:20",[],0,"FL",1,1,null]]




Replace : 13 
 0252090b1b11091c050803




Time : ["09:11:27:17","09:28:05:08"]




refresh 13 End  
 [["09:28:05:08",[],0,"FL",1,1,null]]




Replace : 14 
 0252090b1b11091c051603




Time : ["09:11:27:17","09:28:05:22"]




refresh 14 End  
 [["09:28:05:22",[],0,"FL",1,1,null]]




Replace : 15 
 02520a0220150a02270b03




Time : ["10:02:32:21","10:02:39:11"]




refresh 15 End  
 [["10:02:32:21",[32,32,32,32,32,32,32,32,66,101,102,111,114,101,32,119,101,32,115,116,97,114,116,44,32,100,111,32,101,105,116,104,101,114,32,111,102,32,116,104,101,32,112,97,114,116,105,101,115,32,104,97,118,101,32,97,110,121,32],0,"SPKR-CONTINUE",1,7,null],["10:02:37:17",[32,32,32,32,97,112,112,108,105,99,97,116,105,111,110,115,32,116,104,101,121,32,119,111,117,108,100,32,108,105,107,101,32,116,111,32,109,97,107,101,63],0,"SPKR-CONTINUE",1,8,null]]




Replace : 16 
 02520a060d0f0a06251303




Time : ["10:06:13:15","10:06:37:19"]




refresh 16 End  
 [["10:06:13:15",[32,32,32,32,32,32,32,32,73,102,32,121,111,117,39,114,101,32,111,110,32,116,104,101,32,80,68,70,32,111,110,45,108,105,110,101,44,32,73,32,116,104,105,110,107,32,105,116,32,119,105,108,108,32],0,"SPKR-CONTINUE",3,19,null],["10:06:36:09",[32,32,32,32,112,114,111,98,97,98,108,121,32,98,101,32,113,117,105,116,101,32,100,105,102,102,105,99,117,108,116,32,103,101,116,116,105,110,103,32,116,104,101,114,101,46],0,"SPKR-CONTINUE",3,20,null]]




Replace : 17 
 02520a02371a0a02381d03




Time : ["10:02:55:26","10:02:56:29"]




refresh 17 End  
 [["10:02:55:26",[77,82,32,65,72,77,69,68,58,32,32,73,32,104,97,118,101,32,115,104,97,114,101,100,32,116,104,97,116,32,101,109,97,105,108,46],0,"SPKR",1,14,null]]




Time : ["10:02:51:17","10:02:55:26"]




Replace : 18 
 02520a0233110a02371a03




refresh 18 End  
 [["10:02:51:17",[77,82,32,65,72,77,69,68,58,32,32,73,32,100,111,110,39,116,32,116,104,105,110,107,32,119,101,32,104,97,118,101,32,45,45],0,"SPKR",3,13,null]]




Time : ["10:03:10:29","10:03:14:04"]




Replace : 19 
 02520a030a1d0a030e0403




refresh 19 End  
 [["10:03:10:29",[77,82,32,77,87,65,76,79,78,71,79,58,32,32,105,116,39,115,32,115,116,114,97,105,103,104,116,102,111,114,119,97,114,100,44,32,104,111,108,105,110,103,32,116,104,101,32,104,111,108,121,32,98,111,111,107,115,32,105,110,32],0,"SPKR",3,19,null],["10:03:13:19",[32,32,32,32,116,104,101,32,104,97,110,100,46],0,"SPKR",3,19,null]]




Replace : 20 
 02520a03071b0a030a1d03




Time : ["10:03:07:27","10:03:10:29"]




refresh 20 End  
 [["10:03:07:27",[77,82,32,77,87,65,76,79,78,71,79,58,32,32,89,101,115,44,32,73,32,115,97,119,32,105,116,46],0,"SPKR",3,18,null]]




Replace : 21 
 02520a06340f541f171303




Time : ["10:06:52:15","84:31:23:19"]




refresh 21 End  
 [["10:06:52:15",[65,82,66,73,84,82,65,84,79,82,58,32,32,80,68,70,32,112,97,103,101,32,110,117,109,98,101,114,32,51,54,50,44,32,105,102,32,116,104,97,116,32,104,101,108,112,115],0,"SPKR",3,23,null]]




Replace : 22 
 02520a0625130a06340f03




Time : ["10:06:37:19","10:06:52:15"]




refresh 22 End  
 [["10:06:37:19",[65,82,66,73,84,82,65,84,79,82,58,32,32,89,101,97,104,44,32,73,32,100,111,32,104,97,118,101,32,104,97,114,100,32,99,111,112,121,44,32,97,99,116,117,97,108,108,121,46,32,32,73,116,39,115,32],0,"SPKR",3,21,null],["10:06:42:18",[32,32,32,32,111,107,97,121,46],0,"SPKR",3,22,null]]




Replace : 23 
 02520a06340f541f171303




Time : ["10:06:52:15","84:31:23:19"]




refresh 23 End  
 [["10:06:52:15",[77,82,32,74,65,87,65,78,73,58,32,32,80,68,70,32,112,97,103,101,32,110,117,109,98,101,114,32,51,54,50,44,32,105,102,32,116,104,97,116,32,104,101,108,112,115],0,"SPKR",3,23,null]]




Time : ["10:02:55:26","10:02:56:29"]




Replace : 24 
 02520a02371a0a02381d03




refresh 24 End  
 [["10:02:55:26",[77,82,32,74,65,87,65,78,73,58,32,32,73,32,104,97,118,101,32,115,104,97,114,101,100,32,116,104,97,116,32,101,109,97,105,108,46],0,"SPKR",1,14,null]]




Replace : 25 
 02520a030a1d0a030e0403




Time : ["10:03:10:29","10:03:14:04"]




refresh 25 End  
 [["10:03:10:29",[77,82,32,74,65,87,65,78,73,58,32,32,73,116,39,115,32,115,116,114,97,105,103,104,116,102,111,114,119,97,114,100,44,32,104,111,108,105,110,103,32,116,104,101,32,104,111,108,121,32,98,111,111,107,115,32,105,110,32],0,"SPKR",1,19,null],["10:03:13:27",[32,32,32,32,116,104,101,32,104,97,110,100,46],0,"SPKR",1,19,null]]




Replace : 26 
 02520a0302030a03071b03




Time : ["10:03:02:03","10:03:07:27"]




refresh 26 End  
 [["10:03:02:03",[77,82,32,65,72,77,69,68,58,32,32,72,97,118,101,32,121,111,117,32,114,101,99,101,105,118,101,100,32,116,104,101,32,101,109,97,105,108,44,32,77,114,32,77,119,97,108,111,110,103,111,63],0,"SPKR",1,17,null]]




Time : ["10:03:08:29","10:03:10:29"]




Replace : 27 
 02520a03081d0a030a1d03




refresh 27 End  
 [["10:03:08:29",[77,82,32,77,87,65,76,79,78,71,79,58,32,32,121,101,115,44,32,73,32,115,97,119,32,105,116,46],0,"SPKR",1,19,null]]




Replace : 28 
 02520a03071b0a03081d03




Time : ["10:03:07:27","10:03:08:29"]




refresh 28 End  
 [["10:03:07:27",[77,82,32,77,87,65,76,79,78,71,79,58,32,32,84,104,101,32,119,111,114,100,105,110,103,32,119,104,105,99,104,32,121,111,117,32,104,97,118,101,32,115,101,110,116,63],0,"SPKR",4,18,null]]




Replace : 29 
 02520a03081d0a030a1d03




Time : ["10:03:08:29","10:03:10:29"]




refresh 29 End  
 [["10:03:08:29",[77,82,32,65,72,77,69,68,58,32,32,121,101,115,44,32,73,32,115,97,119,32,105,116,46],0,"SPKR",1,20,null]]




Time : ["10:03:08:29","10:03:08:29"]




Replace : 30 
 02520a03081d0a03081d03




refresh 30 End  
 [["10:03:08:29",[77,82,32,65,72,77,69,68,58,32,32,89,101,115],0,"SPKR",4,19,null]]




Replace : 31 
 02520a03081d0a030a1d03




Time : ["10:03:08:29","10:03:10:29"]




refresh 31 End  
 [["10:03:08:29",[77,82,32,77,87,65,76,79,78,71,79,58,32,32,89,101,115,44,32,73,32,115,97,119,32,105,116,46],0,"SPKR",1,20,null]]




Time : ["10:03:08:29","10:03:08:29"]




Replace : 32 
 02520a03081d0a03081d03




refresh 32 End  
 [["10:03:08:29",[77,82,32,65,72,77,69,68,58,32,32,89,101,115,46],0,"SPKR",4,19,null]]




Replace : 33 
 02520a030a1d0a030e0403




Time : ["10:03:10:29","10:03:14:04"]




refresh 33 End  
 [["10:03:10:29",[77,82,32,74,65,87,65,78,73,58,32,32,73,116,39,115,32,97,32,115,116,114,97,105,103,104,116,102,111,114,119,97,114,100,44,32,104,111,108,100,105,110,103,32,116,104,101,32,104,111,108,121,32,98,111,111,107,32,105,110,32],0,"SPKR",1,21,null],["10:03:13:27",[32,32,32,32,116,104,101,32,104,97,110,100,32,45,45],0,"SPKR",1,21,null]]




Replace : 34 
 02520a03081d0a030a1d03




Time : ["10:03:08:29","10:03:10:29"]




refresh 34 End  
 [["10:03:08:29",[77,82,32,77,87,65,76,79,78,71,79,58,32,32,89,101,115,44,32,73,32,115,97,119,32,105,116,32,97,110,100,32,105,116,32,105,115,32,111,107,97,121,46],0,"SPKR",1,20,null]]




Replace : 35 
 02520a031c0e0a03251a03




Time : ["10:03:28:14","10:03:37:26"]




refresh 35 End  
 [["10:03:28:14",[32,32,32,32,32,32,32,32,87,101,108,108,44,32,105,102,32,116,104,101,114,101,39,115,32,110,111,116,104,105,110,103,32,101,108,115,101,44,32,73,32,100,111,110,39,116,32,104,97,118,101,32,97,110,121,32],0,"SPKR-CONTINUE",2,3,null],["10:03:32:10",[32,32,32,32,112,114,101,108,105,109,105,110,97,114,121,32,112,111,105,110,116,115,32,116,111,32,109,97,107,101],0,"SPKR-CONTINUE",2,3,null]]




Replace : 36 
 02520a031c0e0a03251a03




Time : ["10:03:28:14","10:03:37:26"]




refresh 36 End  
 [["10:03:28:14",[32,32,32,32,32,32,32,32,87,101,108,108,44,32,105,102,32,116,104,101,114,101,39,115,32,110,111,116,104,105,110,103,32,101,108,115,101,44,32,73,32,100,111,110,39,116,32,104,97,118,101,32,97,110,121,32],0,"SPKR-CONTINUE",5,3,null],["10:03:32:10",[32,32,32,32,112,114,101,108,105,109,105,110,97,114,121,32,112,111,105,110,116,115,32,116,111,32,109,97,107,101,46],0,"SPKR-CONTINUE",5,3,null]]




Time : ["10:03:37:26","10:03:59:15"]




Replace : 37 
 02520a03251a0a033b0f03




refresh 37 End  
 [["10:03:37:26",[77,82,32,65,72,77,69,68,58,32,32,84,104,101,114,101,32,105,115,32,106,117,115,116,32,111,110,101,32,112,111,105,110,116,32,111,102,32,104,111,117,115,101,107,101,101,112,105,110,103,46,32,32,87,101,32,97,114,101,32],0,"SPKR",2,5,null],["10:03:39:09",[32,32,32,32,99,97,108,108,105,110,103,32,77,114,32,74,111,104,110,32,99,117,101,32,73,32,119,105,108,108,32,94,94,32,100,101,112,101,110,100,105,110,103,32,111,110,32,119,104,97,116,32,116,105,109,101,32,104,105,32],0,"SPKR",2,6,null],["10:03:42:16",[32,32,32,32,102,105,110,105,115,104,101,115,44,32,119,101,32,109,97,121,32,99,104,97,110,103,101,32,116,104,101,32,111,114,100,101,114,32,102,114,111,109,32,73,113,98,97,108,32,83,105,110,103,104,32,119,104,111,32],0,"SPKR",2,7,null],["10:03:45:24",[32,32,32,32,119,97,115,32,115,117,112,112,111,115,101,100,32,116,111,32,103,111,32,110,101,120,116,32,116,111,32,97,103,97,105,110,32,100,111,32,121,111,117,32,99,104,97,117,100,32,97,114,101,32,121,111,117,46,32,32],0,"SPKR",2,8,null],["10:03:48:27",[32,32,32,32,84,104,101,32,111,110,108,121,32,114,101,97,115,111,110,32,102,111,114,32,116,104,97,116,32,105,115,32,98,101,99,97,117,115,101,32,111,102,32,116,114,121,105,110,103,32,116,111,32,115,101,116,32,117,112,32],0,"SPKR",2,9,null],["10:03:50:27",[32,32,32,32,97,32,108,105,110,107,32,114,101,109,111,116,101,108,121,32,102,111,114,32,104,105,109,44,32,73,32,116,104,105,110,107,32,119,101,32,97,114,101,32,116,114,121,105,110,103,32,116,111,32],0,"SPKR",2,10,null],["10:03:54:00",[32,32,32,32,101,115,116,97,98,108,105,115,104,32,116,104,97,116,32,102,111,114,32,116,111,109,111,114,114,111,119,44,32,115,111,32,106,117,115,116,32,116,111,32,109,97,107,101,32,115,117,114,101,32,116,104,97,116,32],0,"SPKR",2,11,null],["10:03:57:14",[32,32,32,32,116,104,97,116,32,100,111,101,115,32,104,97,112,112,101,110,44,32,116,104,101,114,101,32,109,97,121,32,98,101,32,97,32,115,108,105,103,104,116,32,97,108,116,101,114,97,116,105,111,110,46],0,"SPKR",2,12,null]]




Replace : 38 
 02520a03251a0a03251a03




Time : ["10:03:37:26","10:03:37:26"]




refresh 38 End  
 [["10:03:37:26",[32,32,32,32,32,32,32,32],0,"SPKR-CONTINUE",5,5,null]]




Replace : 39 
 02520a031c0e0a03251a03




Time : ["10:03:28:14","10:03:37:26"]




refresh 39 End  
 [["10:03:28:14",[32,32,32,32,32,32,32,32,87,101,108,108,44,32,105,102,32,116,104,101,114,101,39,115,32,110,111,116,104,105,110,103,32,101,108,115,101,44,32,73,32,100,111,110,39,116,32,104,97,118,101,32,97,110,121,32],0,"SPKR-CONTINUE",5,3,null],["10:03:32:10",[32,32,32,32,112,114,101,108,105,109,105,110,97,114,121,32,112,111,105,110,116,115,32,116,111,32,109,97,107,101,46],0,"SPKR-CONTINUE",5,3,null]]




Replace : 40 
 02520a03200a0a03251b03




Time : ["10:03:32:10","10:03:37:27"]




refresh 40 End  
 [["10:03:32:10",[32,32,32,32,32,32,32,32],0,"SPKR-CONTINUE",2,5,null]]




Replace : 41 
 02520a031c0e0a03200a03




Time : ["10:03:28:14","10:03:32:10"]




refresh 41 End  
 [["10:03:28:14",[32,32,32,32,32,32,32,32,87,101,108,108,44,32,105,102,32,116,104,101,114,101,39,115,32,110,111,116,104,105,110,103,32,101,108,115,101,44,32,73,32,100,111,110,39,116,32,104,97,118,101,32,97,110,121,32],0,"SPKR-CONTINUE",5,3,null],["10:03:32:10",[32,32,32,32,112,114,101,108,105,109,105,110,97,114,121,32,112,111,105,110,116,115,32,116,111,32,109,97,107,101,46],0,"SPKR-CONTINUE",5,3,null]]




Replace : 42 
 02520a03251b0a03251a03




Time : ["10:03:37:27","10:03:37:26"]




refresh 42 End  
 [["10:03:37:27",[72,111,117,115,101,107,101,101,112,105,110,103],0,"ANS-CONTINUE",5,6,null]]




Replace : 43 
 02520a03251a0a033b0f03




Time : ["10:03:37:26","10:03:59:15"]




refresh 43 End  
 [["10:03:37:26",[77,82,32,65,72,77,69,68,58,32,32,84,104,101,114,101,32,105,115,32,106,117,115,116,32,111,110,101,32,112,111,105,110,116,32,111,102,32,104,111,117,115,101,107,101,101,112,105,110,103,46,32,32,87,101,32,97,114,101,32],0,"SPKR",2,6,null],["10:03:39:09",[32,32,32,32,99,97,108,108,105,110,103,32,77,114,32,74,111,104,110,32,67,97,111,117,107,105,32,97,115,32,116,104,101,32,102,105,114,115,116,32,119,105,116,110,101,115,115,46,32,32,68,101,112,101,110,100,105,110,103,32],0,"SPKR",2,7,null],["10:03:41:24",[32,32,32,32,111,110,32,119,104,97,116,32,116,105,109,101,32,104,101,32,102,105,110,105,115,104,101,115,44,32,119,101,32,109,97,121,32,99,104,97,110,103,101,32,116,104,101,32,111,114,100,101,114,32,102,114,111,109,32],0,"SPKR",2,8,null],["10:03:44:25",[32,32,32,32,73,113,98,97,108,32,83,105,110,103,104,44,32,119,104,111,32,119,97,115,32,115,117,112,112,111,115,101,100,32,116,111,32,103,111,32,110,101,120,116,44,32,116,111,32,71,97,110,100,104,97,114,118,32],0,"SPKR",2,9,null],["10:03:48:13",[32,32,32,32,67,104,97,117,100,104,97,114,121,46,32,32,84,104,101,32,111,110,108,121,32,114,101,97,115,111,110,32,102,111,114,32,116,104,97,116,32,105,115,32,98,101,99,97,117,115,101,32,111,102,32],0,"SPKR",2,10,null],["10:03:50:08",[32,32,32,32,116,114,121,105,110,103,32,116,111,32,115,101,116,32,117,112,32,97,32,108,105,110,107,32,114,101,109,111,116,101,108,121,32,102,111,114,32,104,105,109,44,32,73,32,116,104,105,110,107,32,119,101,32,97,114,101,32],0,"SPKR",2,11,null],["10:03:53:15",[32,32,32,32,116,114,121,105,110,103,32,116,111,32,101,115,116,97,98,108,105,115,104,32,116,104,97,116,32,102,111,114,32,116,111,109,111,114,114,111,119,44,32,115,111,32,106,117,115,116,32,116,111,32,109,97,107,101,32],0,"SPKR",2,12,null],["10:03:56:29",[32,32,32,32,115,117,114,101,32,116,104,97,116,32,116,104,97,116,32,100,111,101,115,32,104,97,112,112,101,110,44,32,116,104,101,114,101,32,109,97,121,32,98,101,32,97,32,115,108,105,103,104,116,32],0,"SPKR",2,13,null],["10:03:59:15",[32,32,32,32,97,108,116,101,114,97,116,105,111,110,46],0,"SPKR",2,14,null]]




Replace : 44 
 02520a04060c0a04181103




Time : ["10:04:06:12","10:04:24:17"]




refresh 44 End  
 [["10:04:06:12",[65,82,66,73,84,82,65,84,79,82,58,32,32,73,32,105,109,97,103,105,110,101,32,119,101,32,97,108,115,111,32,106,117,115,116,32,110,101,101,100,32,116,111,32,104,97,118,101,32,97,32,116,104,105,110,107,32],0,"SPKR",2,16,null],["10:04:11:00",[32,32,32,32,119,104,101,116,104,101,114,44,32,119,104,97,116,32,116,105,109,101,32,119,101,39,114,101,32,114,101,97,100,121,32,102,111,114,32,77,114,32,67,97,111,117,107,105,44,32,119,104,101,116,104,101,114,32],0,"SPKR",2,17,null],["10:04:16:19",[32,32,32,32,121,111,117,32,119,97,110,116,32,104,105,109,32,116,111,32,98,101,32,104,101,108,100,32,105,110,32,112,117,114,100,97,104,32,111,118,101,114,110,105,103,104,116,32,111,114,32,119,104,101,116,104,101,114,32],0,"SPKR",2,18,null],["10:04:19:05",[32,32,32,32,121,111,117,32,119,111,117,108,100,32,112,114,101,102,101,114,32,104,105,109,32,45,45,32,119,101,39,108,108,32,115,101,101,32,119,104,101,114,101,32,119,101,32,103,101,116,32,116,111,32,116,111,100,97,121,46],0,"SPKR",2,19,null]]




Time : ["10:04:24:17","10:04:35:03"]




Replace : 45 
 02520a0418110a04230303




refresh 45 End  
 [["10:04:24:17",[77,82,32,65,72,77,69,68,58,32,32,89,101,115,44,32,101,120,97,99,116,108,121,44,32,105,102,32,119,101,32,102,105,110,105,115,104,32,119,105,116,104,32,116,104,101,32,111,112,101,110,105,110,103,115,32],0,"SPKR",2,20,null],["10:04:27:08",[32,32,32,32,102,97,105,114,108,121,32,108,97,116,101,44,32,111,114,32,77,114,32,77,119,97,108,111,110,103,111,32,116,104,105,110,107,115,32,104,101,32,119,111,110,39,116,32,98,101,32,97,98,108,101,32,116,111,32],0,"SPKR",2,21,null],["10:04:30:15",[32,32,32,32,102,105,110,105,115,104,32,77,114,32,67,97,111,117,107,105,32,116,111,100,97,121,44,32,116,104,101,110,32,119,101,32,99,97,110,32,115,116,97,114,116,32,104,105,109,32,105,110,32,116,104,101,32],0,"SPKR",2,22,null],["10:04:33:08",[32,32,32,32,109,111,114,110,105,110,103,46,32,32,87,101,32,99,97,110,32,115,111,114,116,32,111,102,32,115,101,101,32,104,111,119,32,116,104,97,116,32,112,114,111,103,114,101,115,115,101,115,46],0,"SPKR",2,23,null]]




Time : ["10:04:35:03","10:04:45:15"]




Replace : 46 
 02520a0423030a042d0f03




refresh 46 End  
 [["10:04:35:03",[77,82,32,77,87,65,76,79,78,71,79,58,32,32,89,101,115,44,32,73,32,116,104,105,110,107,32,116,104,97,116,39,115,32,118,101,114,121,32,102,105,110,101,46,32,32,68,101,112,101,110,100,105,110,103,32,111,110,32],0,"SPKR",2,24,null],["10:04:38:20",[32,32,32,32,116,104,101,32,102,105,110,105,115,104,105,110,103,32,116,105,109,101,44,32,119,101,32,109,97,121,32,115,116,97,114,116,32,116,111,109,111,114,114,111,119,32,119,105,116,104,32,116,104,101,32],0,"SPKR",2,24,null],["10:04:41:19",[32,32,32,32,119,105,116,110,101,115,115,101,115,44,32,116,104,97,116,39,115,32,102,105,110,101,44,32,100,101,112,101,110,100,105,110,103,32,111,110,32,116,104,101,32,116,105,109,101,32,111,102,32],0,"SPKR",2,25,null],["10:04:44:05",[32,32,32,32,102,105,110,105,115,104,105,110,103,46,32,32,87,101,32,97,114,101,32,102,108,101,120,105,98,108,101,46],0,"SPKR",3,2,null]]




Replace : 47 
 02520a04340d0a04351703




Time : ["10:04:52:13","10:04:53:23"]




refresh 47 End  
 [["10:04:52:13",[79,112,101,110,105,110,103,32,115,117,98,109,105,115,115,105,111,110,115,32,98,121,32,77,82,32,65,72,77,69,68],0,"ANS-CONTINUE",3,4,null]]




Replace : 48 
 02520a0435170a05141903




Time : ["10:04:53:23","10:05:20:25"]




refresh 48 End  
 [["10:04:53:23",[77,82,32,65,72,77,69,68,58,32,32,84,104,97,110,107,32,121,111,117,44,32,109,97,100,97,109,46,32,32,73,39,109,32,103,111,105,110,103,32,116,111,32,103,111,32,116,104,114,111,117,103,104,32],0,"SPKR",3,5,null],["10:04:56:24",[32,32,32,32,97,32,110,117,109,98,101,114,32,111,102,32,112,111,105,110,116,115,32,119,104,105,99,104,44,32,97,112,111,108,111,103,105,101,115,32,105,102,32,115,111,109,101,32,111,102,32,116,104,101,109,32],0,"SPKR",3,6,null],["10:04:59:23",[32,32,32,32,115,111,117,110,100,32,113,117,105,116,101,32,98,97,115,105,99,32,105,110,32,116,101,114,109,32,111,102,32,99,111,110,116,114,97,99,116,32,108,97,119,44,32,97,110,100,32,73,39,109,32,115,117,114,101,32],0,"SPKR",3,6,null],["10:05:02:19",[32,32,32,32,116,104,101,121,39,114,101,32,112,111,105,110,116,115,32,116,104,97,116,32,121,111,117,32,107,110,111,119,32,102,97,105,114,108,121,32,119,101,108,108,32,97,108,114,101,97,100,121,44,32,98,117,116,32],0,"SPKR",3,8,null],["10:05:04:18",[32,32,32,32,73,32,116,104,105,110,107,32,105,116,39,115,32,105,109,112,111,114,116,97,110,116,32,106,117,115,116,32,116,111,32,115,101,116,32,116,104,111,115,101,32,111,117,116,44,32,106,117,115,116,32],0,"SPKR",3,9,null],["10:05:07:20",[32,32,32,32,98,101,99,97,117,115,101,32,73,32,116,104,105,110,107,32,115,111,109,101,32,111,102,32,116,104,101,32,114,101,115,112,111,110,100,101,110,116,39,115,32,119,105,116,110,101,115,115,101,115,32,104,97,118,101,32],0,"SPKR",3,10,null],["10:05:10:06",[32,32,32,32,99,104,97,108,108,101,110,103,101,100,44,32,111,114,32,115,111,114,116,32,111,102,32,116,114,105,101,100,32,116,111,32,115,111,114,116,32,111,102,32,109,97,107,101,32,112,111,105,110,116,115,32],0,"SPKR",3,11,null],["10:05:14:07",[32,32,32,32,119,104,105,99,104,32,97,114,101,32,99,111,110,116,114,97,114,121,32,116,111,32,116,104,111,115,101,32,98,97,115,105,99,32,112,111,105,110,116,115,32,97,110,100,32,97,115,32],0,"SPKR",3,12,null],["10:05:17:03",[32,32,32,32,97,32,114,101,115,117,108,116,44,32,102,114,111,109,32,116,104,101,32,99,108,97,105,109,97,110,116,39,115,32,115,105,100,101,44,32,119,101,32,119,97,110,116,32,116,111,32,97,116,32,108,101,97,115,116,32],0,"SPKR",3,12,null],["10:05:19:09",[32,32,32,32,104,97,118,101,32,116,104,111,115,101,32,111,110,32,114,101,99,111,114,100,32,97,110,100,32,115,101,116,32,116,104,101,109,32,111,117,116,46],0,"SPKR",3,14,null]]




Replace : 49 
 02520a05240c0a05371803




Time : ["10:05:36:12","10:05:55:24"]




refresh 49 End  
 [["10:05:36:12",[32,32,32,32,32,32,32,32,83,111,32,116,104,101,32,119,97,121,32,73,32,119,97,110,116,32,116,111,32,106,117,115,116,32,100,111,32,116,104,97,116,32,105,115,32,116,111,32,116,97,107,101,32,121,111,117,32,116,111,32],0,"SPKR-CONTINUE",3,20,null],["10:05:39:17",[32,32,32,32,116,119,111,32,97,117,116,104,111,114,105,116,105,101,115,46,32,32,84,104,101,32,102,105,114,115,116,32,105,115,32,97,32,83,117,112,114,101,109,101,32,67,111,117,114,116,32,97,117,116,104,111,114,105,116,121,32],0,"SPKR-CONTINUE",3,21,null],["10:05:42:16",[32,32,32,32,119,104,105,99,104,32,105,115,32,82,84,83,32,118,32,77,117,108,108,101,114,32,97,110,100,32,116,104,97,116,39,115,32,97,116,32,98,117,110,100,108,101,32,52,44,32,112,97,103,101,32,49,52,49,53,46],0,"SPKR-CONTINUE",3,22,null]]




Replace : 50 
 02520a060a1b0a060d0f03




Time : ["10:06:10:27","10:06:13:15"]




refresh 50 End  
 [["10:06:10:27",[77,82,32,65,72,77,69,68,58,32,32,73,116,39,115,32,116,104,101,32,116,111,112,32,114,105,103,104,116,45,104,97,110,100,32,99,111,114,110,101,114,46],0,"SPKR",3,25,null]]




Replace : 51 
 02520a060d0f0a06251303




Time : ["10:06:13:15","10:06:37:19"]




refresh 51 End  
 [["10:06:13:15",[32,32,32,32,32,32,32,32,73,102,32,121,111,117,39,114,101,32,111,110,32,116,104,101,32,80,68,70,32,111,110,108,105,110,101,44,32,73,32,116,104,105,110,107,32,105,116,32,119,105,108,108,32],0,"SPKR-CONTINUE",4,1,null],["10:06:36:09",[32,32,32,32,112,114,111,98,97,98,108,121,32,98,101,32,113,117,105,116,101,32,100,105,102,102,105,99,117,108,116,32,103,101,116,116,105,110,103,32,116,104,101,114,101,46],0,"SPKR-CONTINUE",4,2,null]]




Replace : 52 
 02520a0637190a07091803




Time : ["10:06:55:25","10:07:09:24"]




refresh 52 End  
 [["10:06:55:25",[65,82,66,73,84,82,65,84,79,82,58,32,32,73,39,109,32,116,114,121,105,110,103,32,116,111,32,100,111,32,105,116,32,101,108,101,99,116,114,111,110,105,99,97,108,108,121,44,32,98,117,116,32,73,39,109,32],0,"SPKR",4,5,null],["10:07:03:10",[32,32,32,32,111,98,118,105,111,117,115,108,121,32,110,111,116,32,115,117,99,99,101,101,100,105,110,103,46,32,32,73,39,109,32,98,97,99,107,32,116,111,32,109,121,32,104,97,114,100,32,99,111,112,121,32],0,"SPKR",4,6,null],["10:07:09:17",[32,32,32,32,118,101,114,115,105,111,110,46],0,"SPKR",4,7,null]]




Replace : 53 
 02520a0709180a07351803




Time : ["10:07:09:24","10:07:53:24"]




refresh 53 End  
 [["10:07:09:24",[77,82,32,65,72,77,69,68,58,32,32,84,104,105,115,32,105,115,32,82,84,83,32,118,32,77,117,108,108,101,114,44,32,97,110,100,32,116,104,105,115,32,105,115,32,112,114,111,98,97,98,108,121,32,116,104,101,32],0,"SPKR",4,8,null],["10:07:15:22",[32,32,32,32,108,101,97,100,105,110,103,32,99,97,115,101,32,111,110,32,99,111,110,116,114,97,99,116,32,102,111,114,109,97,116,105,111,110,32,105,110,32,116,104,101,32,83,117,112,114,101,109,101,32,67,111,117,114,116,46,32,32],0,"SPKR",4,9,null],["10:07:19:09",[32,32,32,32,89,111,117,39,108,108,32,115,101,101,32,116,104,101,32,102,97,99,116,115,32,97,114,101,32,98,97,115,105,99,97,108,108,121,32,116,104,101,32,99,108,97,105,109,97,110,116,32,119,97,115,32],0,"SPKR",4,9,null],["10:07:23:02",[32,32,32,32,97,32,115,117,112,112,108,105,101,114,32,111,102,32,97,117,116,111,109,111,116,105,118,101,32,112,97,99,107,97,103,101,115,32,109,97,99,104,105,110,101,115,32,102,111,114,32,116,104,101,32,102,111,111,100,32],0,"SPKR",4,11,null],["10:07:26:26",[32,32,32,32,105,110,100,117,115,116,114,121,44,32,116,104,101,110,32,110,101,103,111,116,105,97,116,101,100,32,119,105,116,104,32,116,104,101,32,100,101,102,101,110,100,97,110,116,32,119,104,97,116,32,119,97,115,32],0,"SPKR",4,12,null],["10:07:29:05",[32,32,32,32,97,32,100,97,105,114,121,32,112,114,111,100,117,99,116,115,32,115,117,112,112,108,105,101,114,32,116,111,32,100,101,115,105,103,110,32,97,110,100,32,105,110,115,116,97,108,108,32,116,119,111,32],0,"SPKR",4,13,null],["10:07:31:27",[32,32,32,32,112,114,111,100,117,99,116,105,111,110,32,108,105,110,101,115,32,105,110,32,111,110,101,32,111,102,32,116,104,101,32,100,101,102,101,110,100,97,110,116,39,115,32,102,97,99,116,111,114,105,101,115,46,32,32],0,"SPKR",4,14,null],["10:07:36:16",[32,32,32,32,84,104,101,32,100,101,102,101,110,100,97,110,116,32,115,101,110,116,32,116,104,101,32,99,108,97,105,109,97,110,116,32,97,32,108,101,116,116,101,114,32,111,102,32,105,110,116,101,110,116,32,100,97,116,101,100,32],0,"SPKR",4,15,null],["10:07:39:05",[32,32,32,32,50,49,32,70,101,98,114,117,97,114,121,32,50,48,48,53,32,115,101,116,116,105,110,103,32,111,117,116,32,97,32,100,114,97,102,116,32,99,111,110,116,114,97,99,116,32,110,111,32,118,105,100,105,110,103,32],0,"SPKR",4,16,null],["10:07:44:29",[32,32,32,32,116,104,101,32,119,111,114,107,32,116,111,32,98,101,32,99,111,109,112,108,101,116,101,100,32,98,121,32,51,48,32,83,101,112,116,101,109,98,101,114,32,50,48,48,53,46,34,32,94,100,111,99,46],0,"SPKR",4,17,null]]




Replace : 54 
 02520a0709180a07351803




Time : ["10:07:09:24","10:07:53:24"]




refresh 54 End  
 [["10:07:09:24",[77,82,32,65,72,77,69,68,58,32,32,84,104,105,115,32,105,115,32,82,84,83,32,118,32,77,117,108,108,101,114,44,32,97,110,100,32,116,104,105,115,32,105,115,32,112,114,111,98,97,98,108,121,32,116,104,101,32],0,"SPKR",4,8,null],["10:07:15:22",[32,32,32,32,108,101,97,100,105,110,103,32,99,97,115,101,32,111,110,32,99,111,110,116,114,97,99,116,32,102,111,114,109,97,116,105,111,110,32,105,110,32,116,104,101,32,83,117,112,114,101,109,101,32,67,111,117,114,116,46,32,32],0,"SPKR",4,9,null],["10:07:19:09",[32,32,32,32,89,111,117,39,108,108,32,115,101,101,32,116,104,101,32,102,97,99,116,115,32,97,114,101,32,98,97,115,105,99,97,108,108,121,32,116,104,101,32,99,108,97,105,109,97,110,116,32,119,97,115,32],0,"SPKR",4,9,null],["10:07:23:02",[32,32,32,32,97,32,115,117,112,112,108,105,101,114,32,111,102,32,97,117,116,111,109,111,116,105,118,101,32,112,97,99,107,97,103,105,110,103,32,109,97,99,104,105,110,101,115,32,102,111,114,32,116,104,101,32,102,111,111,100,32],0,"SPKR",4,11,null],["10:07:26:26",[32,32,32,32,105,110,100,117,115,116,114,121,44,32,116,104,101,110,32,110,101,103,111,116,105,97,116,101,100,32,119,105,116,104,32,116,104,101,32,100,101,102,101,110,100,97,110,116,44,32,119,104,111,32,119,97,115,32],0,"SPKR",4,12,null],["10:07:29:05",[32,32,32,32,97,32,100,97,105,114,121,32,112,114,111,100,117,99,116,115,32,115,117,112,112,108,105,101,114,44,32,116,111,32,100,101,115,105,103,110,32,97,110,100,32,105,110,115,116,97,108,108,32,116,119,111,32],0,"SPKR",4,13,null],["10:07:31:27",[32,32,32,32,112,114,111,100,117,99,116,105,111,110,32,108,105,110,101,115,32,105,110,32,111,110,101,32,111,102,32,116,104,101,32,100,101,102,101,110,100,97,110,116,39,115,32,102,97,99,116,111,114,105,101,115,46,32,32],0,"SPKR",4,14,null],["10:07:36:16",[32,32,32,32,84,104,101,32,100,101,102,101,110,100,97,110,116,32,115,101,110,116,32,116,104,101,32,99,108,97,105,109,97,110,116,32,97,32,108,101,116,116,101,114,32,111,102,32,105,110,116,101,110,116,32,100,97,116,101,100,32],0,"SPKR",4,15,null],["10:07:39:05",[32,32,32,32,50,49,32,70,101,98,114,117,97,114,121,32,50,48,48,53,32,115,101,116,116,105,110,103,32,111,117,116,32,97,32,100,114,97,102,116,32,99,111,110,116,114,97,99,116,32,110,111,32,118,105,100,105,110,103,32],0,"SPKR",4,16,null],["10:07:44:29",[32,32,32,32,116,104,101,32,119,111,114,107,32,116,111,32,98,101,32,99,111,109,112,108,101,116,101,100,32,98,121,32,51,48,32,83,101,112,116,101,109,98,101,114,32,50,48,48,53,46,34,32,94,100,111,99,46],0,"SPKR",4,17,null]]




Replace : 55 
 02520a0716070a07351803




Time : ["10:07:22:07","10:07:53:24"]




refresh 55 End  
 [["10:07:22:07",[77,82,32,65,72,77,69,68,58,32,32,116,104,101,32,99,108,97,105,109,97,110,116,32,119,97,115,32,97,32,115,117,112,112,108,105,101,114,32,111,102,32,97,117,116,111,109,111,116,105,118,101,32],0,"SPKR",12,11,null],["10:07:25:06",[32,32,32,32,112,97,99,107,97,103,105,110,103,32,109,97,99,104,105,110,101,115,32,102,111,114,32,116,104,101,32,102,111,111,100,32,105,110,100,117,115,116,114,121,44,32,116,104,101,110,32],0,"SPKR",12,12,null],["10:07:27:25",[32,32,32,32,110,101,103,111,116,105,97,116,101,100,32,119,105,116,104,32,116,104,101,32,100,101,102,101,110,100,97,110,116,44,32,119,104,111,32,119,97,115,32,97,32,100,97,105,114,121,32,112,114,111,100,117,99,116,115,32],0,"SPKR",12,13,null],["10:07:30:03",[32,32,32,32,115,117,112,112,108,105,101,114,44,32,116,111,32,100,101,115,105,103,110,32,97,110,100,32,105,110,115,116,97,108,108,32,116,119,111,32,112,114,111,100,117,99,116,105,111,110,32,108,105,110,101,115,32,105,110,32],0,"SPKR",12,14,null],["10:07:33:03",[32,32,32,32,111,110,101,32,111,102,32,116,104,101,32,100,101,102,101,110,100,97,110,116,39,115,32,102,97,99,116,111,114,105,101,115,46,32,32,84,104,101,32,100,101,102,101,110,100,97,110,116,32,115,101,110,116,32],0,"SPKR",12,15,null],["10:07:37:11",[32,32,32,32,116,104,101,32,99,108,97,105,109,97,110,116,32,97,32,108,101,116,116,101,114,32,111,102,32,105,110,116,101,110,116,32,100,97,116,101,100,32,50,49,32,70,101,98,114,117,97,114,121,32,50,48,48,53,32],0,"SPKR",12,16,null],["10:07:41:06",[32,32,32,32,115,101,116,116,105,110,103,32,111,117,116,32,97,32,100,114,97,102,116,32,99,111,110,116,114,97,99,116,44,32,112,114,111,118,105,100,105,110,103,32,116,104,101,32,119,111,114,107,32,116,111,32,98,101,32],0,"SPKR",12,17,null],["10:07:45:17",[32,32,32,32,99,111,109,112,108,101,116,101,100,32,98,121,32,51,48,32,83,101,112,116,101,109,98,101,114,32,50,48,48,53,46,34,32,94,100,111,99,46],0,"SPKR",12,18,null]]




Replace : 56 
 02520a0709180a07160703




Time : ["10:07:09:24","10:07:22:07"]




refresh 56 End  
 [["10:07:09:24",[77,82,32,65,72,77,69,68,58,32,32,84,104,105,115,32,105,115,32,82,84,83,32,118,32,77,117,108,108,101,114,44,32,97,110,100,32,116,104,105,115,32,105,115,32,112,114,111,98,97,98,108,121,32,116,104,101,32],0,"SPKR",12,8,null],["10:07:15:22",[32,32,32,32,108,101,97,100,105,110,103,32,99,97,115,101,32,111,110,32,99,111,110,116,114,97,99,116,32,102,111,114,109,97,116,105,111,110,32,105,110,32,116,104,101,32,83,117,112,114,101,109,101,32,67,111,117,114,116,46,32,32],0,"SPKR",12,9,null],["10:07:19:09",[32,32,32,32,89,111,117,39,108,108,32,115,101,101,32,116,104,101,32,102,97,99,116,115,32,97,114,101,32,98,97,115,105,99,97,108,108,121,58,32],0,"SPKR",12,9,null]]




Time : ["10:07:22:08","10:07:53:24"]




Replace : 57 
 02520a0716080a07351803




refresh 57 End  
 [["10:07:22:08",[32,32,32,32,32,32,32,32,34,123,94,34,113,111,116,101,63,32,73,32,100,111,110,116,32,104,97,118,101,32,116,104,105,115,125,84,104,101,32,99,108,97,105,109,97,110,116,32,119,97,115,32],0,"SPKR-CONTINUE",12,11,null],["10:07:23:02",[32,32,32,32,97,32,115,117,112,112,108,105,101,114,32,111,102,32,97,117,116,111,109,111,116,105,118,101,32,112,97,99,107,97,103,105,110,103,32,109,97,99,104,105,110,101,115,32,102,111,114,32,116,104,101,32,102,111,111,100,32],0,"SPKR-CONTINUE",12,12,null],["10:07:26:26",[32,32,32,32,105,110,100,117,115,116,114,121,44,32,116,104,101,110,32,110,101,103,111,116,105,97,116,101,100,32,119,105,116,104,32,116,104,101,32,100,101,102,101,110,100,97,110,116,44,32,119,104,111,32,119,97,115,32],0,"SPKR-CONTINUE",12,13,null],["10:07:29:05",[32,32,32,32,97,32,100,97,105,114,121,32,112,114,111,100,117,99,116,115,32,115,117,112,112,108,105,101,114,44,32,116,111,32,100,101,115,105,103,110,32,97,110,100,32,105,110,115,116,97,108,108,32,116,119,111,32],0,"SPKR-CONTINUE",12,14,null],["10:07:31:27",[32,32,32,32,112,114,111,100,117,99,116,105,111,110,32,108,105,110,101,115,32,105,110,32,111,110,101,32,111,102,32,116,104,101,32,100,101,102,101,110,100,97,110,116,39,115,32,102,97,99,116,111,114,105,101,115,46,32,32],0,"SPKR-CONTINUE",12,15,null],["10:07:36:16",[32,32,32,32,84,104,101,32,100,101,102,101,110,100,97,110,116,32,115,101,110,116,32,116,104,101,32,99,108,97,105,109,97,110,116,32,97,32,108,101,116,116,101,114,32,111,102,32,105,110,116,101,110,116,32,100,97,116,101,100,32],0,"SPKR-CONTINUE",12,16,null],["10:07:39:05",[32,32,32,32,50,49,32,70,101,98,114,117,97,114,121,32,50,48,48,53,32,115,101,116,116,105,110,103,32,111,117,116,32,97,32,100,114,97,102,116,32,99,111,110,116,114,97,99,116,44,32,112,114,111,118,105,100,105,110,103,32],0,"SPKR-CONTINUE",12,17,null],["10:07:44:29",[32,32,32,32,116,104,101,32,119,111,114,107,32,116,111,32,98,101,32,99,111,109,112,108,101,116,101,100,32,98,121,32,51,48,32,83,101,112,116,101,109,98,101,114,32,50,48,48,53,46,34,32,94,100,111,99,46],0,"SPKR-CONTINUE",12,18,null]]




Replace : 58 
 02520a0716080a08001103




Time : ["10:07:22:08","10:08:00:17"]




refresh 58 End  
 [["10:07:22:08",[32,32,32,32,32,32,32,32,34,123,94,34,113,111,116,101,63,32,73,32,100,111,110,116,32,104,97,118,101,32,116,104,105,115,125,84,104,101,32,99,108,97,105,109,97,110,116,32,119,97,115,32],0,"SPKR-CONTINUE",12,11,null],["10:07:23:02",[32,32,32,32,97,32,115,117,112,112,108,105,101,114,32,111,102,32,97,117,116,111,109,111,116,105,118,101,32,112,97,99,107,97,103,105,110,103,32,109,97,99,104,105,110,101,115,32,102,111,114,32,116,104,101,32,102,111,111,100,32],0,"SPKR-CONTINUE",12,12,null],["10:07:26:26",[32,32,32,32,105,110,100,117,115,116,114,121,44,32,116,104,101,110,32,110,101,103,111,116,105,97,116,101,100,32,119,105,116,104,32,116,104,101,32,100,101,102,101,110,100,97,110,116,44,32,119,104,111,32,119,97,115,32],0,"SPKR-CONTINUE",12,13,null],["10:07:29:05",[32,32,32,32,97,32,100,97,105,114,121,32,112,114,111,100,117,99,116,115,32,115,117,112,112,108,105,101,114,44,32,116,111,32,100,101,115,105,103,110,32,97,110,100,32,105,110,115,116,97,108,108,32,116,119,111,32],0,"SPKR-CONTINUE",12,14,null],["10:07:31:27",[32,32,32,32,112,114,111,100,117,99,116,105,111,110,32,108,105,110,101,115,32,105,110,32,111,110,101,32,111,102,32,116,104,101,32,100,101,102,101,110,100,97,110,116,39,115,32,102,97,99,116,111,114,105,101,115,46,32,32],0,"SPKR-CONTINUE",12,15,null],["10:07:36:16",[32,32,32,32,84,104,101,32,100,101,102,101,110,100,97,110,116,32,115,101,110,116,32,116,104,101,32,99,108,97,105,109,97,110,116,32,97,32,108,101,116,116,101,114,32,111,102,32,105,110,116,101,110,116,32,100,97,116,101,100,32],0,"SPKR-CONTINUE",12,16,null],["10:07:39:05",[32,32,32,32,50,49,32,70,101,98,114,117,97,114,121,32,50,48,48,53,32,115,101,116,116,105,110,103,32,111,117,116,32,97,32,100,114,97,102,116,32,99,111,110,116,114,97,99,116,44,32,112,114,111,118,105,100,105,110,103,32],0,"SPKR-CONTINUE",12,17,null],["10:07:44:29",[32,32,32,32,116,104,101,32,119,111,114,107,32,116,111,32,98,101,32,99,111,109,112,108,101,116,101,100,32,98,121,32,51,48,32,83,101,112,116,101,109,98,101,114,32,50,48,48,53,46,34,32,94,100,111,99,46,73,115,32],0,"SPKR-CONTINUE",12,18,null],["10:07:54:01",[32,32,32,32,116,104,101,32,112,111,105,110,116,32,73,32,106,117,115,116,32,119,97,110,116,32,116,111,32,104,105,103,104,108,105,103,104,116,32,97,116,32,116,104,101,32,109,111,109,101,110,116,44,32,111,99,99,117,114,115,32],0,"SPKR-CONTINUE",12,18,null],["10:07:59:04",[32,32,32,32,97,32,102,101,119,32,108,105,110,101,115,32,102,117,114,116,104,101,114,32,100,111,119,110,58],0,"SPKR-CONTINUE",12,20,null]]




Replace : 59 
 02520a0736010a08001103




Time : ["10:07:54:01","10:08:00:17"]




refresh 59 End  
 [["10:07:54:01",[32,32,32,32,32,32,32,32,73,115,32,116,104,101,32,112,111,105,110,116,32,73,32,106,117,115,116,32,119,97,110,116,32,116,111,32,104,105,103,104,108,105,103,104,116,32,97,116,32,116,104,101,32,109,111,109,101,110,116,44,32],0,"SPKR-CONTINUE",12,19,null],["10:07:59:00",[32,32,32,32,111,99,99,117,114,115,32,97,32,102,101,119,32,108,105,110,101,115,32,102,117,114,116,104,101,114,32,100,111,119,110,58],0,"SPKR-CONTINUE",12,20,null]]




Replace : 60 
 02520a0716080a07360103




Time : ["10:07:22:08","10:07:54:01"]




refresh 60 End  
 [["10:07:22:08",[32,32,32,32,32,32,32,32,34,123,94,34,113,111,116,101,63,32,73,32,100,111,110,116,32,104,97,118,101,32,116,104,105,115,125,84,104,101,32,99,108,97,105,109,97,110,116,32,119,97,115,32],0,"SPKR-CONTINUE",12,11,null],["10:07:23:02",[32,32,32,32,97,32,115,117,112,112,108,105,101,114,32,111,102,32,97,117,116,111,109,111,116,105,118,101,32,112,97,99,107,97,103,105,110,103,32,109,97,99,104,105,110,101,115,32,102,111,114,32,116,104,101,32,102,111,111,100,32],0,"SPKR-CONTINUE",12,12,null],["10:07:26:26",[32,32,32,32,105,110,100,117,115,116,114,121,44,32,116,104,101,110,32,110,101,103,111,116,105,97,116,101,100,32,119,105,116,104,32,116,104,101,32,100,101,102,101,110,100,97,110,116,44,32,119,104,111,32,119,97,115,32],0,"SPKR-CONTINUE",12,13,null],["10:07:29:05",[32,32,32,32,97,32,100,97,105,114,121,32,112,114,111,100,117,99,116,115,32,115,117,112,112,108,105,101,114,44,32,116,111,32,100,101,115,105,103,110,32,97,110,100,32,105,110,115,116,97,108,108,32,116,119,111,32],0,"SPKR-CONTINUE",12,14,null],["10:07:31:27",[32,32,32,32,112,114,111,100,117,99,116,105,111,110,32,108,105,110,101,115,32,105,110,32,111,110,101,32,111,102,32,116,104,101,32,100,101,102,101,110,100,97,110,116,39,115,32,102,97,99,116,111,114,105,101,115,46,32,32],0,"SPKR-CONTINUE",12,15,null],["10:07:36:16",[32,32,32,32,84,104,101,32,100,101,102,101,110,100,97,110,116,32,115,101,110,116,32,116,104,101,32,99,108,97,105,109,97,110,116,32,97,32,108,101,116,116,101,114,32,111,102,32,105,110,116,101,110,116,32,100,97,116,101,100,32],0,"SPKR-CONTINUE",12,16,null],["10:07:39:05",[32,32,32,32,50,49,32,70,101,98,114,117,97,114,121,32,50,48,48,53,32,115,101,116,116,105,110,103,32,111,117,116,32,97,32,100,114,97,102,116,32,99,111,110,116,114,97,99,116,44,32,112,114,111,118,105,100,105,110,103,32],0,"SPKR-CONTINUE",12,17,null],["10:07:44:29",[32,32,32,32,116,104,101,32,119,111,114,107,32,116,111,32,98,101,32,99,111,109,112,108,101,116,101,100,32,98,121,32,51,48,32,83,101,112,116,101,109,98,101,114,32,50,48,48,53,46,34,32,94,100,111,99,46,32,32],0,"SPKR-CONTINUE",12,18,null]]




Replace : 61 
 02520a0736030a08001103




Time : ["10:07:54:03","10:08:00:17"]




refresh 61 End  
 [["10:07:54:03",[32,32,32,32,32,32,32,32,84,104,101,32,112,111,105,110,116,32,73,32,106,117,115,116,32,119,97,110,116,32,116,111,32,104,105,103,104,108,105,103,104,116,32,97,116,32,116,104,101,32,109,111,109,101,110,116,32],0,"SPKR-CONTINUE",4,19,null],["10:07:59:00",[32,32,32,32,111,99,99,117,114,115,32,97,32,102,101,119,32,108,105,110,101,115,32,102,117,114,116,104,101,114,32,100,111,119,110,58],0,"SPKR-CONTINUE",4,20,null]]




Time : ["10:08:00:17","10:08:08:08"]




Replace : 62 
 02520a0800110a08080803




refresh 62 End  
 [["10:08:00:17",[32,32,32,32,32,32,32,32,123,94,34,115,97,109,101,32,98,117,110,100,108,101,32,97,105,116,111,114,105,116,105,101,115,32,52,125,34,84,104,101,32,112,97,114,116,105,101,115,32,100,105,100,32,110,111,116,32],0,"SPKR-CONTINUE",4,21,null],["10:08:02:02",[32,32,32,32,115,105,103,110,32,111,114,32,101,120,101,99,117,116,101,32,116,104,97,116,32,97,103,114,101,101,109,101,110,116,32,119,104,105,99,104,32,119,97,115,32,114,101,97,100,121,32,102,111,114,32],0,"SPKR-CONTINUE",4,22,null],["10:08:03:26",[32,32,32,32,101,120,101,99,117,116,105,111,110,32,111,110,32,53,32,74,117,108,121,32,98,117,116,32,116,104,101,121,32,112,114,111,99,101,101,100,101,100,32,119,105,116,104,32,116,104,101,32],0,"SPKR-CONTINUE",4,23,null],["10:08:06:15",[32,32,32,32,112,114,111,106,101,99,116,46,34,32,94,100,111,99,46],0,"SPKR-CONTINUE",4,24,null]]




Replace : 63 
 02520a080f090a08260103




Time : ["10:08:15:09","10:08:38:01"]




refresh 63 End  
 [["10:08:15:09",[32,32,32,32,32,32,32,32,116,104,101,32,99,108,97,105,109,97,110,116,32,112,114,111,105,97,100,105,97,100,32,98,97,108,97,110,99,101,32,111,102,32,116,104,101,32,112,117,114,99,104,97,115,101,32,112,114,105,99,101,32],0,"SPKR-CONTINUE",5,2,null],["10:08:17:28",[32,32,32,32,111,110,32,116,104,101,32,98,97,115,105,115,32,116,104,97,116,32,116,104,101,114,101,32,119,97,115,32,97,32,99,111,110,116,105,110,117,105,110,103,32,99,111,110,116,114,97,99,116,32,111,110,32,116,104,101,32],0,"SPKR-CONTINUE",5,3,null],["10:08:20:23",[32,32,32,32,116,101,114,109,115,32,111,102,32,116,104,101,32,108,101,116,116,101,114,32,111,102,32,105,110,116,101,110,116,32,99,111,110,116,114,97,99,116,32,97,108,116,101,114,110,97,116,105,118,101,108,121,32],0,"SPKR-CONTINUE",5,4,null],["10:08:24:23",[32,32,32,32,116,104,97,116,32,105,116,32,104,97,115,32,98,101,101,110,32,40,94,114,101,97,100,46,46,46,32,110,101,119,32,99,111,110,116,114,97,99,116,32,119,104,105,99,104,32],0,"SPKR-CONTINUE",5,5,null],["10:08:27:11",[32,32,32,32,105,110,99,111,114,112,111,114,97,116,101,32,116,104,101,32,77,70,55,49,32,99,111,110,100,105,116,105,111,110,115,32,111,114,32,116,104,97,116,32,110,111,32,99,111,110,116,114,97,99,116,32,104,97,100,32],0,"SPKR-CONTINUE",5,6,null],["10:08:31:25",[32,32,32,32,98,101,101,110,32,102,111,114,109,101,100,32,97,102,116,101,114,32,116,104,101,32,101,120,112,105,114,121,32,111,102,32,116,104,101,32,108,101,116,116,101,114,32,111,102,32,105,110,116,101,110,116,32,98,117,116,32],0,"SPKR-CONTINUE",5,6,null],["10:08:35:23",[32,32,32,32,105,116,32,119,97,115,32,101,110,116,105,116,108,101,100,32,116,111,32,97,32,113,117,97,110,116,117,109,32,109,101,114,117,105,116,46,34,32,94,100,111,99,46],0,"SPKR-CONTINUE",5,8,null]]




Replace : 64 
 02520a0808080a080f0903




Time : ["10:08:08:08","10:08:15:09"]




refresh 64 End  
 [["10:08:08:08",[32,32,32,32,32,32,32,32,84,104,101,32,112,111,105,110,116,32,73,32,119,97,110,116,32,116,111,32,45,45,32,105,102,32,121,111,117,32,103,111,32,116,111,32,111,110,32,116,104,101,32,108,101,102,116,45,104,97,110,100,32],0,"SPKR-CONTINUE",4,25,null],["10:08:12:23",[32,32,32,32,115,105,100,101,32,121,111,117,39,108,108,32,115,101,101,32,70,58,32],0,"SPKR-CONTINUE",4,25,null]]




Replace : 65 
 02520a080f0b0a08260103




Time : ["10:08:15:11","10:08:38:01"]




refresh 65 End  
 [["10:08:15:11",[32,32,32,32,32,32,32,32,34,84,104,101,32,99,108,97,105,109,97,110,116,32,112,114,111,105,97,100,105,97,100,32,98,97,108,97,110,99,101,32,111,102,32,116,104,101,32,112,117,114,99,104,97,115,101,32],0,"SPKR-CONTINUE",5,2,null],["10:08:17:17",[32,32,32,32,112,114,105,99,101,32,111,110,32,116,104,101,32,98,97,115,105,115,32,116,104,97,116,32,116,104,101,114,101,32,119,97,115,32,97,32,99,111,110,116,105,110,117,105,110,103,32,99,111,110,116,114,97,99,116,32],0,"SPKR-CONTINUE",5,3,null],["10:08:20:19",[32,32,32,32,111,110,32,116,104,101,32,116,101,114,109,115,32,111,102,32,116,104,101,32,108,101,116,116,101,114,32,111,102,32,105,110,116,101,110,116,32,99,111,110,116,114,97,99,116,32],0,"SPKR-CONTINUE",5,4,null],["10:08:24:09",[32,32,32,32,97,108,116,101,114,110,97,116,105,118,101,108,121,32,116,104,97,116,32,105,116,32,104,97,115,32,98,101,101,110,32,40,94,114,101,97,100,46,46,46,32,110,101,119,32,99,111,110,116,114,97,99,116,32],0,"SPKR-CONTINUE",5,5,null],["10:08:26:20",[32,32,32,32,119,104,105,99,104,32,105,110,99,111,114,112,111,114,97,116,101,32,116,104,101,32,77,70,55,49,32,99,111,110,100,105,116,105,111,110,115,32,111,114,32,116,104,97,116,32,110,111,32],0,"SPKR-CONTINUE",5,6,null],["10:08:31:18",[32,32,32,32,99,111,110,116,114,97,99,116,32,104,97,100,32,98,101,101,110,32,102,111,114,109,101,100,32,97,102,116,101,114,32,116,104,101,32,101,120,112,105,114,121,32,111,102,32,116,104,101,32,108,101,116,116,101,114,32],0,"SPKR-CONTINUE",5,7,null],["10:08:33:27",[32,32,32,32,111,102,32,105,110,116,101,110,116,32,98,117,116,32,105,116,32,119,97,115,32,101,110,116,105,116,108,101,100,32,116,111,32,97,32,113,117,97,110,116,117,109,32,109,101,114,117,105,116,46,34,32],0,"SPKR-CONTINUE",5,8,null],["10:08:38:01",[32,32,32,32,94,100,111,99,46],0,"SPKR-CONTINUE",5,9,null]]




Replace : 66 
 02520a0808080a080f0b03




Time : ["10:08:08:08","10:08:15:11"]




refresh 66 End  
 [["10:08:08:08",[32,32,32,32,32,32,32,32,84,104,101,32,112,111,105,110,116,32,73,32,119,97,110,116,32,116,111,32,45,45,32,105,102,32,121,111,117,32,103,111,32,111,110,32,116,104,101,32,108,101,102,116,45,104,97,110,100,32],0,"SPKR-CONTINUE",4,25,null],["10:08:12:23",[32,32,32,32,115,105,100,101,44,32,121,111,117,39,108,108,32,115,101,101,32,70,58,32],0,"SPKR-CONTINUE",4,25,null]]




Replace : 67 
 02520a080f0b0a08260103




Time : ["10:08:15:11","10:08:38:01"]




refresh 67 End  
 [["10:08:15:11",[32,32,32,32,116,104,97,116,32,99,108,97,105,109,97,110,116,32,112,114,111,105,97,100,105,97,100,32,98,97,108,97,110,99,101,32,111,102,32,116,104,101,32,112,117,114,99,104,97,115,101,32,112,114,105,99,101,32,111,110,32],0,"SPKR-CONTINUE",5,2,null],["10:08:17:28",[32,32,32,32,116,104,101,32,98,97,115,105,115,32,116,104,97,116,32,116,104,101,114,101,32,119,97,115,32,97,32,99,111,110,116,105,110,117,105,110,103,32,99,111,110,116,114,97,99,116,32,111,110,32,116,104,101,32],0,"SPKR-CONTINUE",5,4,null],["10:08:20:23",[32,32,32,32,116,101,114,109,115,32,111,102,32,116,104,101,32,108,101,116,116,101,114,32,111,102,32,105,110,116,101,110,116,32,99,111,110,116,114,97,99,116,32,97,108,116,101,114,110,97,116,105,118,101,108,121,32],0,"SPKR-CONTINUE",5,5,null],["10:08:24:23",[32,32,32,32,116,104,97,116,32,105,116,32,104,97,115,32,98,101,101,110,32,40,94,114,101,97,100,46,46,46,32,110,101,119,32,99,111,110,116,114,97,99,116,32,119,104,105,99,104,32],0,"SPKR-CONTINUE",5,6,null],["10:08:27:11",[32,32,32,32,105,110,99,111,114,112,111,114,97,116,101,32,116,104,101,32,77,70,55,49,32,99,111,110,100,105,116,105,111,110,115,32,111,114,32,116,104,97,116,32,110,111,32,99,111,110,116,114,97,99,116,32,104,97,100,32],0,"SPKR-CONTINUE",5,7,null],["10:08:31:25",[32,32,32,32,98,101,101,110,32,102,111,114,109,101,100,32,97,102,116,101,114,32,116,104,101,32,101,120,112,105,114,121,32,111,102,32,116,104,101,32,108,101,116,116,101,114,32,111,102,32,105,110,116,101,110,116,32,98,117,116,32],0,"SPKR-CONTINUE",5,7,null],["10:08:35:23",[32,32,32,32,105,116,32,119,97,115,32,101,110,116,105,116,108,101,100,32,116,111,32,97,32,113,117,97,110,116,117,109,32,109,101,114,117,105,116,46,34,32,94,100,111,99,46],0,"SPKR-CONTINUE",5,9,null]]




Replace : 68 
 02520a080f0b0a08260103




Time : ["10:08:15:11","10:08:38:01"]




refresh 68 End  
 [["10:08:15:11",[32,32,32,32,98,97,115,105,115,32,116,104,97,116,32,99,108,97,105,109,97,110,116,32,112,114,111,105,97,100,105,97,100,32,98,97,108,97,110,99,101,32,111,102,32,116,104,101,32,112,117,114,99,104,97,115,101,32],0,"SPKR-CONTINUE",5,2,null],["10:08:17:17",[32,32,32,32,112,114,105,99,101,32,111,110,32,116,104,101,32,98,97,115,105,115,32,116,104,97,116,32,116,104,101,114,101,32,119,97,115,32,97,32,99,111,110,116,105,110,117,105,110,103,32,99,111,110,116,114,97,99,116,32],0,"SPKR-CONTINUE",5,4,null],["10:08:20:19",[32,32,32,32,111,110,32,116,104,101,32,116,101,114,109,115,32,111,102,32,116,104,101,32,108,101,116,116,101,114,32,111,102,32,105,110,116,101,110,116,32,99,111,110,116,114,97,99,116,32],0,"SPKR-CONTINUE",5,5,null],["10:08:24:09",[32,32,32,32,97,108,116,101,114,110,97,116,105,118,101,108,121,32,116,104,97,116,32,105,116,32,104,97,115,32,98,101,101,110,32,40,94,114,101,97,100,46,46,46,32,110,101,119,32,99,111,110,116,114,97,99,116,32],0,"SPKR-CONTINUE",5,6,null],["10:08:26:20",[32,32,32,32,119,104,105,99,104,32,105,110,99,111,114,112,111,114,97,116,101,32,116,104,101,32,77,70,55,49,32,99,111,110,100,105,116,105,111,110,115,32,111,114,32,116,104,97,116,32,110,111,32],0,"SPKR-CONTINUE",5,7,null],["10:08:31:18",[32,32,32,32,99,111,110,116,114,97,99,116,32,104,97,100,32,98,101,101,110,32,102,111,114,109,101,100,32,97,102,116,101,114,32,116,104,101,32,101,120,112,105,114,121,32,111,102,32,116,104,101,32,108,101,116,116,101,114,32],0,"SPKR-CONTINUE",5,8,null],["10:08:33:27",[32,32,32,32,111,102,32,105,110,116,101,110,116,32,98,117,116,32,105,116,32,119,97,115,32,101,110,116,105,116,108,101,100,32,116,111,32,97,32,113,117,97,110,116,117,109,32,109,101,114,117,105,116,46,34,32],0,"SPKR-CONTINUE",5,9,null],["10:08:38:01",[32,32,32,32,94,100,111,99,46],0,"SPKR-CONTINUE",5,10,null]]




Replace : 69 
 02520a082a1b0a09150e03




Time : ["10:08:42:27","10:09:21:14"]




refresh 69 End  
 [["10:08:42:27",[32,32,32,32,32,32,32,32,84,104,101,32,111,116,104,101,114,32,99,97,115,101,32,105,115,32,97,116,32,98,117,110,100,108,101,32,54,44,32,112,97,103,101,32,50,46,32,32,83,111,114,114,121,32,105,102,32],0,"SPKR-CONTINUE",5,10,null],["10:08:51:25",[32,32,32,32,116,104,101,114,101,39,115,32,97,32,98,105,116,32,111,102,32,97,32,106,117,109,112,105,110,103,32,97,114,111,117,110,100,32,104,101,114,101,46,32,32,65,116,32,112,97,103,101,32,50,32,111,102,32],0,"SPKR-CONTINUE",5,11,null],["10:09:10:12",[32,32,32,32,116,104,97,116,32,98,117,110,100,108,101,44,32,116,104,97,116,32,115,104,111,117,108,100,32,98,101,32,116,104,101,32,99,97,115,101,32,111,102,32,65,32,118,32,66,46],0,"SPKR-CONTINUE",5,12,null]]




Replace : 70 
 02520a09280f0a092e0c03




Time : ["10:09:40:15","10:09:46:12"]




refresh 70 End  
 [["10:09:40:15",[77,82,32,65,72,77,69,68,58,32,32,72,97,118,101,32,121,111,117,32,97,99,116,117,97,108,108,121,32,103,111,116,32,97,32,98,117,110,100,108,101,32,54,44,32,99,97,110,32,73,32,97,115,107,63],0,"SPKR",5,21,null]]




Replace : 71 
 02520a09341d0a0a070103




Time : ["10:09:52:29","10:10:07:01"]




refresh 71 End  
 [["10:09:52:29",[77,82,32,65,72,77,69,68,58,32,32,69,120,97,99,116,108,121,46,32,32,84,104,111,115,101,32,97,114,101,32,97,117,116,104,111,114,105,116,105,101,115,32,119,104,105,99,104,32,97,114,101,32,97,108,114,101,97,100,121,32],0,"SPKR",5,24,null],["10:09:56:17",[32,32,32,32,119,105,116,104,105,110,32,116,104,101,32,101,120,104,105,98,105,116,44,32,97,110,100,32,116,104,101,110,32,116,104,101,114,101,39,115,32,97,100,100,105,116,105,111,110,97,108,32],0,"SPKR",5,25,null],["10:09:58:19",[32,32,32,32,97,117,116,104,111,114,105,116,105,101,115,32,119,104,105,99,104,32,104,97,118,101,32,98,101,101,110,32,112,117,116,32,105,110,116,111,32,98,117,110,100,108,101,32,54,44,32,119,104,105,99,104,32,97,114,101,32],0,"SPKR",6,1,null],["10:10:02:26",[32,32,32,32,110,101,119,32,97,117,116,104,111,114,105,116,105,101,115,32,114,101,102,101,114,114,101,100,32,116,111,32,73,32,116,104,105,110,107,32,112,114,105,109,97,114,105,108,121,32,105,110,32,116,104,101,32],0,"SPKR",6,2,null],["10:10:06:06",[32,32,32,32,99,108,97,105,109,97,110,116,39,115,32,111,112,101,110,105,110,103,32,115,117,98,109,105,115,115,105,111,110,115,46],0,"SPKR",6,3,null]]




Replace : 72 
 02520a0a0a1b0a0a180703




Time : ["10:10:10:27","10:10:24:07"]




refresh 72 End  
 [["10:10:10:27",[77,82,32,65,72,77,69,68,58,32,32,73,32,116,104,105,110,107,32,105,116,32,119,97,115,44,32,121,101,115,46,32,32,73,116,32,119,97,115,32,112,114,111,118,105,100,101,100,32,116,104,101,32,100,97,121,32],0,"SPKR",6,5,null],["10:10:14:09",[32,32,32,32,97,102,116,101,114,32,116,104,101,32,111,112,101,110,105,110,103,32,115,117,98,109,105,115,115,105,111,110,115,32,119,101,114,101,32,115,101,114,118,101,100,46,32,32],0,"SPKR",6,6,null],["10:10:20:29",[32,32,32,32,69,108,101,99,116,114,111,110,105,99,97,108,108,121,32,121,111,117,32,109,97,121,32,119,101,108,108,32,45,45],0,"SPKR",6,7,null]]




Replace : 73 
 02520a0a2c130a0a3b0603




Time : ["10:10:44:19","10:10:59:06"]




refresh 73 End  
 [["10:10:44:19",[65,82,66,73,84,82,65,84,79,82,58,32,32,73,32,117,110,100,101,114,115,116,97,110,100,32,119,104,97,116,39,115,32,104,97,112,112,101,110,101,100,46,32,32,83,111,32,73,39,118,101,32,103,111,116,32,116,119,111,32],0,"SPKR",6,11,null],["10:10:55:14",[32,32,32,32,50,115,46,32,32,83,111,32,116,104,97,116,32,105,115,32,65,32,118,32,66,46],0,"SPKR",6,12,null]]




Replace : 74 
 02520a0b0c100a0b261203




Time : ["10:11:12:16","10:11:38:18"]




refresh 74 End  
 [["10:11:12:16",[77,82,32,65,72,77,69,68,58,32,32,74,117,115,116,32,110,111,116,105,110,103,32,102,114,111,109,32,116,104,101,32,102,105,114,115,116,32,112,97,114,97,103,114,97,112,104,32,116,104,97,116,32,116,104,105,115,32],0,"SPKR",6,16,null],["10:11:16:18",[32,32,32,32,119,97,115,32,97,110,32,97,112,112,101,97,108,32,97,102,116,101,114,32,97,32,116,114,105,98,117,110,97,108,32,111,102,32,116,104,101,32,105,110,116,101,114,110,97,116,105,111,110,97,108,32],0,"SPKR",6,17,null],["10:11:19:07",[32,32,32,32,113,117,97,110,116,117,109,32,97,115,115,111,99,105,97,116,105,111,110,32,76,116,100,32,94,32,109,97,100,101,32,97,110,32,97,119,111,114,100,32,100,105,114,101,99,116,105,110,103,32,116,104,101,32],0,"SPKR",6,18,null],["10:11:23:01",[32,32,32,32,99,108,97,105,109,97,110,116,32,116,111,32,112,97,121,32,85,83,36,55,46,52,32,109,105,108,108,105,111,110,32,116,111,32,116,104,101,32,100,101,102,101,110,100,97,110,116,32],0,"SPKR",6,19,null],["10:11:28:10",[32,32,32,32,99,111,110,99,108,117,100,105,110,103,32,116,104,97,116,32,65,32,104,97,100,32,101,110,116,101,114,101,100,32,105,110,116,111,32,116,119,111,32,99,111,110,116,114,97,99,116,115,32,116,111,32,98,117,121,32],0,"SPKR",6,20,null],["10:11:32:11",[32,32,32,32,99,111,116,116,111,110,32,102,114,111,109,32,66,32,105,110,32,50,48,49,32,35,46,32,32,65,103,97,105,110,44,32,116,104,97,116,32,119,97,115,32,99,111,110,116,114,97,99,116,32],0,"SPKR",6,21,null],["10:11:35:23",[32,32,32,32,102,111,114,109,97,116,105,111,110,32,99,97,115,101,32,97,115,32,105,115,32,101,115,115,101,110,116,105,97,108,108,121,32,111,117,114,32,99,97,115,101,32,116,111,100,97,121,46],0,"SPKR",6,22,null]]




Replace : 75 
 02520a0a3b060a0b0c1003




Time : ["10:10:59:06","10:11:12:16"]




refresh 75 End  
 [["10:10:59:06",[77,82,32,65,72,77,69,68,58,32,32,69,120,97,99,116,108,121,44,32,112,97,103,101,32,49,44,32,65,32,76,116,100,32,118,32,66,32,76,116,100,44,32,97,110,100,32,116,104,101,110,32,112,97,103,101,32,51,32],0,"SPKR",15,13,null],["10:11:04:25",[32,32,32,32,119,101,32,103,111,32,116,111,32,119,104,101,114,101,32,116,104,101,32,106,117,100,103,109,101,110,116,32,111,102,32,77,114,32,74,117,115,116,105,99,101,32,80,104,105,108,108,105,112,115,32],0,"SPKR",15,14,null],["10:11:08:10",[32,32,32,32,115,116,97,114,116,115,46,32,32],0,"SPKR",15,15,null]]




Time : ["10:11:34:23","10:11:38:18"]




Replace : 76 
 02520a0b22170a0b261203




refresh 76 End  
 [["10:11:34:23",[32,32,32,32,32,32,32,32,65,103,97,105,110,44,32,116,104,97,116,32,119,97,115,32,99,111,110,116,114,97,99,116,32,102,111,114,109,97,116,105,111,110,32,99,97,115,101,32,97,115,32,105,115,32],0,"SPKR-CONTINUE",6,22,null],["10:11:37:19",[32,32,32,32,101,115,115,101,110,116,105,97,108,108,121,32,111,117,114,32,99,97,115,101,32,116,111,100,97,121,46],0,"SPKR-CONTINUE",6,23,null]]




Replace : 77 
 02520a0b0c110a0b221703




Time : ["10:11:12:17","10:11:34:23"]




refresh 77 End  
 [["10:11:12:17",[32,32,32,32,32,32,32,32,74,117,115,116,32,110,111,116,105,110,103,32,102,114,111,109,32,116,104,101,32,102,105,114,115,116,32,112,97,114,97,103,114,97,112,104,32,116,104,97,116,32,116,104,105,115,32,119,97,115,32],0,"SPKR-CONTINUE",16,16,null],["10:11:16:26",[32,32,32,32,97,110,32,97,112,112,101,97,108,32,97,102,116,101,114,32,97,32,116,114,105,98,117,110,97,108,32,111,102,32,116,104,101,32,73,110,116,101,114,110,97,116,105,111,110,97,108,32,67,111,116,116,111,110,32],0,"SPKR-CONTINUE",16,17,null],["10:11:18:13",[32,32,32,32,65,115,115,111,99,105,97,116,105,111,110,32,76,116,100,32,109,97,100,101,32,97,110,32,97,119,97,114,100,32,100,105,114,101,99,116,105,110,103,32,116,104,101,32,99,108,97,105,109,97,110,116,32,116,111,32],0,"SPKR-CONTINUE",16,17,null],["10:11:23:12",[32,32,32,32,112,97,121,32,85,83,36,55,46,52,32,109,105,108,108,105,111,110,32,116,111,32,116,104,101,32,100,101,102,101,110,100,97,110,116,44,32,99,111,110,99,108,117,100,105,110,103,32,116,104,97,116,32,65,32],0,"SPKR-CONTINUE",16,19,null],["10:11:29:15",[32,32,32,32,104,97,100,32,101,110,116,101,114,101,100,32,105,110,116,111,32,116,119,111,32,99,111,110,116,114,97,99,116,115,32,116,111,32,98,117,121,32,99,111,116,116,111,110,32,102,114,111,109,32,66,32,105,110,32],0,"SPKR-CONTINUE",16,20,null],["10:11:33:24",[32,32,32,32,50,48,49,49,46,32,32],0,"SPKR-CONTINUE",16,21,null]]




Replace : 78 
 02520a0b22180a0b261203




Time : ["10:11:34:24","10:11:38:18"]




refresh 78 End  
 [["10:11:34:24",[32,32,32,32,32,32,32,32,65,103,97,105,110,44,32,116,104,97,116,32,119,97,115,32,97,32,99,111,110,116,114,97,99,116,32,102,111,114,109,97,116,105,111,110,32,99,97,115,101,44,32,97,115,32,105,115,32],0,"SPKR-CONTINUE",6,22,null],["10:11:37:19",[32,32,32,32,101,115,115,101,110,116,105,97,108,108,121,32,111,117,114,32,99,97,115,101,32,116,111,100,97,121,46],0,"SPKR-CONTINUE",6,23,null]]




Replace : 79 
 02520a0c00080a0c100a03




Time : ["10:12:00:08","10:12:16:10"]




refresh 79 End  
 [["10:12:00:08",[32,32,32,32,32,32,32,32,83,111,32,116,104,101,114,101,39,115,32,116,119,111,32,99,104,97,108,108,101,110,103,101,115,32,119,104,105,99,104,32,119,101,114,101,32,109,97,100,101,46,32,32,79,110,101,32,105,115,32],0,"SPKR-CONTINUE",7,4,null],["10:12:02:10",[32,32,32,32,97,32,102,97,99,116,117,97,108,32,100,105,115,112,117,116,101,32,97,110,100,32,116,104,101,110,32,121,111,117,39,108,108,32,115,101,101,32,97,116,32,112,97,114,97,103,114,97,112,104,32,50,53,32],0,"SPKR-CONTINUE",7,5,null],["10:12:07:24",[32,32,32,32,116,104,101,114,101,39,115,32,97,32,115,101,99,111,110,100,32,99,104,97,108,108,101,110,103,101,44,32,119,104,105,99,104,32,105,115,32,111,110,32,116,104,101,32,98,97,115,105,115,32,116,104,97,116,32],0,"SPKR-CONTINUE",7,6,null],["10:12:13:03",[32,32,32,32,116,104,101,32,112,114,101,115,99,114,105,98,101,100,32,109,111,100,101,32,111,102,32,97,99,99,101,112,116,97,110,99,101,32,111,102,32,116,104,101,32,100,114,97,102,116,32,99,111,110,116,114,97,99,116,115,32],0,"SPKR-CONTINUE",7,7,null],["10:12:15:19",[32,32,32,32,104,97,100,32,110,111,116,32,98,101,101,110,32,102,111,108,108,111,119,101,100,46],0,"SPKR-CONTINUE",7,8,null]]




Replace : 80 
 02520a0b26120a0c000803




Time : ["10:11:38:18","10:12:00:08"]




refresh 80 End  
 [["10:11:38:18",[32,32,32,32,32,32,32,32,89,111,117,39,108,108,32,115,101,101,32,45,45,32,119,101,32,100,111,110,39,116,32,110,101,101,100,32,116,111,32,103,111,32,105,110,116,111,32,116,104,101,32,100,101,116,97,105,108,115,32],0,"SPKR-CONTINUE",6,24,null],["10:11:44:04",[32,32,32,32,111,102,32,116,104,105,115,44,32,98,101,103,105,110,110,105,110,103,32,111,110,32,116,104,101,32,110,101,120,116,32,112,97,103,101,44,32,112,97,103,101,32,52,44,32],0,"SPKR-CONTINUE",6,25,null],["10:11:46:18",[32,32,32,32,112,97,114,97,103,114,97,112,104,32,55,44,32,116,104,101,32,99,111,117,114,116,32,99,111,110,115,105,100,101,114,115,32,116,104,101,32,100,111,99,117,109,101,110,116,97,116,105,111,110,44,32,97,110,100,32],0,"SPKR-CONTINUE",7,1,null],["10:11:54:22",[32,32,32,32,116,104,101,110,32,111,118,101,114,32,116,104,101,32,112,97,103,101,44,32,105,116,32,108,111,111,107,115,32,97,116,32,116,104,101,32,99,104,97,108,108,101,110,103,101,115,32,116,111,32,116,104,101,32],0,"SPKR-CONTINUE",7,2,null],["10:11:58:24",[32,32,32,32,116,114,105,98,117,110,97,108,39,115,32,97,119,97,114,100,46,32,32],0,"SPKR-CONTINUE",7,3,null]]




Replace : 81 
 02520a0c00090a0c100a03




Time : ["10:12:00:09","10:12:16:10"]




refresh 81 End  
 [["10:12:00:09",[32,32,32,32,32,32,32,32,83,111,32,116,104,101,114,101,39,115,32,116,119,111,32,99,104,97,108,108,101,110,103,101,115,32,119,104,105,99,104,32,119,101,114,101,32,109,97,100,101,46,32,32,79,110,101,32,105,115,32],0,"SPKR-CONTINUE",7,4,null],["10:12:02:10",[32,32,32,32,97,32,102,97,99,116,117,97,108,32,100,105,115,112,117,116,101,44,32,97,110,100,32,116,104,101,110,32,121,111,117,39,108,108,32,115,101,101,32,97,116,32,112,97,114,97,103,114,97,112,104,32,50,53,32],0,"SPKR-CONTINUE",7,5,null],["10:12:07:24",[32,32,32,32,116,104,101,114,101,39,115,32,97,32,115,101,99,111,110,100,32,99,104,97,108,108,101,110,103,101,44,32,119,104,105,99,104,32,105,115,32,111,110,32,116,104,101,32,98,97,115,105,115,32,116,104,97,116,32],0,"SPKR-CONTINUE",7,6,null],["10:12:13:03",[32,32,32,32,116,104,101,32,112,114,101,115,99,114,105,98,101,100,32,109,111,100,101,32,111,102,32,97,99,99,101,112,116,97,110,99,101,32,111,102,32,116,104,101,32,100,114,97,102,116,32,99,111,110,116,114,97,99,116,115,32],0,"SPKR-CONTINUE",7,7,null],["10:12:15:19",[32,32,32,32,104,97,100,32,110,111,116,32,98,101,101,110,32,102,111,108,108,111,119,101,100,46],0,"SPKR-CONTINUE",7,8,null]]




Replace : 82 
 02520a0c29110a0c3b0303




Time : ["10:12:41:17","10:12:59:03"]




refresh 82 End  
 [["10:12:41:17",[32,32,32,32,32,32,32,32,77,115,32,72,111,112,107,105,110,115,32,99,111,117,110,115,101,108,32,102,111,114,32,66,32,94,94,32,99,108,111,115,105,110,103,32,97,114,103,117,109,101,110,116,32,116,104,97,116,32,105,110,32],0,"SPKR-CONTINUE",7,13,null],["10:12:45:18",[32,32,32,32,116,104,101,32,102,117,114,116,104,101,114,32,97,108,116,101,114,110,97,116,105,118,101,44,32,65,32,119,97,115,32,101,115,116,111,112,112,101,100,32,98,121,32,99,111,110,118,101,110,116,105,111,110,32],0,"SPKR-CONTINUE",7,13,null],["10:12:48:26",[32,32,32,32,102,114,111,109,32,100,101,110,121,105,110,103,32,116,104,97,116,32,116,104,101,32,112,97,114,116,105,101,115,32,119,101,114,101,32,94,94,32,66,39,115,32,99,111,110,116,114,97,99,116,117,97,108,32],0,"SPKR-CONTINUE",7,15,null],["10:12:51:24",[32,32,32,32,116,101,114,109,115,32,116,104,101,32,112,97,114,116,105,101,115,32,104,97,118,101,32,109,117,116,117,97,108,108,121,32,99,111,110,100,117,99,116,101,100,32,116,104,101,105,114,32,98,117,115,105,110,101,115,115,32],0,"SPKR-CONTINUE",7,16,null],["10:12:55:07",[32,32,32,32,111,110,32,116,104,101,32,98,97,115,105,115,32,116,104,97,116,32,116,104,111,115,101,32,116,101,114,109,115,32,119,101,114,101,32,105,110,32,102,111,114,99,101,32,102,111,114,32,97,32,112,101,114,105,111,100,32],0,"SPKR-CONTINUE",7,17,null],["10:12:58:12",[32,32,32,32,111,102,32,109,111,110,116,104,115,46,34,32,94,100,111,99,46],0,"SPKR-CONTINUE",7,18,null]]




Replace : 83 
 02520a0c1a020a0c291103




Time : ["10:12:26:02","10:12:41:17"]




refresh 83 End  
 [["10:12:26:02",[32,32,32,32,32,32,32,32,87,101,39,108,108,32,99,111,109,101,32,98,97,99,107,32,116,111,32,116,104,97,116,44,32,98,117,116,32,116,104,101,32,112,111,105,110,116,32,73,32,119,97,110,116,32,116,111,32],0,"SPKR-CONTINUE",16,9,null],["10:12:32:16",[32,32,32,32,104,105,103,104,108,105,103,104,116,32,105,115,32,97,116,32,112,97,114,97,103,114,97,112,104,32,51,49,32,104,101,114,101,46,32,32,66,101,99,97,117,115,101,32,97,102,116,101,114,32,116,104,101,32],0,"SPKR-CONTINUE",16,10,null],["10:12:36:10",[32,32,32,32,99,111,117,114,116,32,108,111,111,107,101,100,32,97,116,32,116,104,101,32,100,111,99,117,109,101,110,116,115,32,97,110,100,32,99,111,110,99,108,117,100,101,100,32,116,104,97,116,32,116,104,101,114,101,32],0,"SPKR-CONTINUE",16,11,null],["10:12:39:08",[32,32,32,32,119,97,115,32,97,32,99,111,110,116,114,97,99,116,32,116,104,101,114,101,44,32,116,104,101,121,32,114,101,102,101,114,114,101,100,32,116,111,58,32],0,"SPKR-CONTINUE",16,12,null]]




